_data/pioneer_valley.asc
ncols        271
nrows        283
xllcorner    -123.878055554722
yllcorner    47.314444443056
dx           0.002785977863
dy           0.002781703968
[rows 19 to 37 of 283, columns 44 to 87 of 271]
563.8076171875 637.15093994140625 698.23565673828125 747.037109375 736.89923095703125 741.7467041015625 803.9210205078125 791.90386962890625 748.6505126953125 823.84185791015625 750.2066650390625 810.4517822265625 925.428955078125 1040.0054931640625 1024.181640625 975.32366943359375 1011.312255859375 1042.9814453125 1198.49560546875 1244.8797607421875 1283.389404296875 1290.56787109375 1334.6087646484375 1418.0428466796875 1420.67822265625 1409.636474609375 1420.0936279296875 1357.7451171875 1301.9739990234375 1364.310791015625 1269.6915283203125 1263.288330078125 1269.3570556640625 1220.2464599609375 1247.6815185546875 1263.405517578125 1321.91650390625 1388.5966796875 1396.2476806640625 1366.5601806640625 1355.5556640625 1297.858642578125 1319.7607421875 1325.821533203125
452.861328125 539.2877197265625 560.0394287109375 607.648681640625 621.47601318359375 630.29779052734375 606.56536865234375 630.66876220703125 658.06439208984375 659.9342041015625 648.04522705078125 753.443115234375 831.88531494140625 810.7294921875 856.81719970703125 825.52471923828125 961.727294921875 1001.87811279296875 1046.2686767578125 1061.617919921875 1111.4503173828125 1133.6461181640625 1159.6956787109375 1311.634521484375 1437.9942626953125 1511.142822265625 1527.1851806640625 1520.679931640625 1443.597412109375 1372.6854248046875 1242.5577392578125 1110.6832275390625 1031.051513671875 1016.32525634765625 999.105224609375 1058.6346435546875 1137.97216796875 1205.587646484375 1128.17333984375 1171.0767822265625 1232.6220703125 1111.4072265625 1142.4547119140625 1102.7335205078125
353.756256103515625 353.756256103515625 353.756256103515625 396.59503173828125 444.881683349609375 471.42901611328125 436.642730712890625 447.32476806640625 515.0438232421875 531.9825439453125 591.32354736328125 608.9298095703125 670.8245849609375 755.04278564453125 730.40960693359375 780.34442138671875 767.863037109375 810.450927734375 862.3704833984375 966.91278076171875 959.89990234375 1013.93414306640625 1145.5087890625 1231.97802734375 1244.9014892578125 1297.0909423828125 1355.802978515625 1471.3731689453125 1378.6490478515625 1249.5513916015625 1116.79052734375 1073.1573486328125 1002.21038818359375 950.7144775390625 855.87359619140625 945.62957763671875 1040.1717529296875 1032.65185546875 936.2474365234375 974.97552490234375 1037.6171875 929.0216064453125 865.03546142578125 843.07867431640625
429.2906494140625 512.76904296875 519.1656494140625 527.91632080078125 430.1309814453125 436.642730712890625 552.95233154296875 594.1024169921875 593.5487060546875 613.3319091796875 601.0614013671875 591.32354736328125 637.691162109375 636.6776123046875 663.150146484375 702.636474609375 762.162841796875 762.162841796875 814.17962646484375 855.50994873046875 867.180419921875 1002.644775390625 993.18914794921875 1081.9801025390625 1119.3958740234375 1171.81396484375 1214.1705322265625 1274.143798828125 1193.8446044921875 1147.924560546875 1089.5615234375 955.97369384765625 872.4005126953125 849.718994140625 753.30340576171875 774.31536865234375 817.178466796875 839.0528564453125 902.43035888671875 742.456787109375 823.527587890625 791.4207763671875 718.4378662109375 694.89404296875
636.5701904296875 696.45306396484375 590.73431396484375 643.065185546875 599.3382568359375 510.750457763671875 646.11553955078125 746.89520263671875 752.07232666015625 721.08612060546875 641.28045654296875 652.027587890625 600.53448486328125 689.7158203125 741.47119140625 690.43585205078125 779.0255126953125 843.39947509765625 825.97735595703125 822.0201416015625 822.0201416015625 822.0201416015625 824.16876220703125 916.63323974609375 1018.94647216796875 1092.8270263671875 1183.528564453125 1200.9637451171875 1042.90966796875 970.3125 905.417724609375 858.269775390625 789.23382568359375 784.95391845703125 688.1708984375 658.0423583984375 668.35162353515625 737.70062255859375 746.9022216796875 607.14410400390625 766.076416015625 792.89593505859375 677.91583251953125 575.6693115234375
878.06719970703125 815.5443115234375 702.89599609375 737.428955078125 750.54449462890625 619.809814453125 708.63507080078125 811.98095703125 812.86871337890625 716.36181640625 702.59063720703125 733.85443115234375 649.9354248046875 647.8177490234375 745.068359375 796.2689208984375 756.6021728515625 809.22821044921875 888.58990478515625 934.70465087890625 950.0888671875 945.85040283203125 925.19891357421875 899.32904052734375 973.6192626953125 1007.92291259765625 1052.244873046875 1115.81298828125 1044.5350341796875 909.231201171875 837.75579833984375 797.59185791015625 738.462158203125 738.462158203125 733.7813720703125 656.0257568359375 575.04736328125 550.61285400390625 543.75335693359375 579.70611572265625 655.71649169921875 590.5032958984375 605.10748291015625 558.80712890625
1032.3035888671875 891.68365478515625 799.77252197265625 888.98193359375 857.05767822265625 722.32098388671875 777.852294921875 938.9652099609375 846.2843017578125 772.1337890625 847.255859375 864.938720703125 763.68194580078125 657.365478515625 704.7999267578125 764.36285400390625 834.62054443359375 823.948486328125 863.828125 995.04595947265625 1052.6727294921875 1110.6956787109375 1019.380615234375 903.7415771484375 982.90228271484375 1102.1336669921875 1155.1932373046875 1163.360107421875 1006.34124755859375 934.5816650390625 841.05242919921875 842.643798828125 903.8421630859375 914.35845947265625 791.64691162109375 790.5146484375 732.836669921875 638.262451171875 577.736083984375 513.6964111328125 445.490386962890625 406.80145263671875 406.80145263671875 429.055999755859375
1127.75048828125 972.4376220703125 958.94256591796875 1075.3709716796875 898.93487548828125 812.58563232421875 921.98565673828125 1036.24853515625 862.973876953125 855.79296875 969.7431640625 1048.55322265625 934.268310546875 815.307373046875 736.01690673828125 746.19818115234375 846.86456298828125 941.72705078125 883.63714599609375 986.16094970703125 1078.93701171875 1250.1490478515625 1115.6820068359375 960.25030517578125 1088.4305419921875 1222.511962890625 1343.696044921875 1222.1881103515625 1100.4344482421875 1053.1925048828125 961.26531982421875 920.78936767578125 996.97210693359375 968.328857421875 849.5399169921875 852.39581298828125 826.580078125 770.85546875 681.2889404296875 645.67413330078125 620.0689697265625 598.05126953125 521.5712890625 406.80145263671875
1223.2474365234375 1099.1561279296875 1124.6905517578125 1154.8221435546875 983.2750244140625 916.69012451171875 1060.8245849609375 1084.4320068359375 941.06591796875 969.2210693359375 1114.957763671875 1235.7640380859375 1101.879638671875 982.11517333984375 873.11083984375 761.17022705078125 824.00714111328125 973.18719482421875 990.94329833984375 958.5350341796875 1096.9998779296875 1264.8037109375 1184.8043212890625 1031.8629150390625 1155.251708984375 1290.9632568359375 1457.263671875 1352.4744873046875 1220.66650390625 1203.390869140625 1066.4984130859375 1105.084228515625 1193.7080078125 1089.5361328125 940.6298828125 843.52825927734375 728.6876220703125 651.35223388671875 598.0716552734375 611.732421875 585.919921875 546.71099853515625 472.27691650390625 435.508056640625
1365.5037841796875 1251.24560546875 1282.76904296875 1190.9735107421875 1022.67999267578125 1030.4178466796875 1206.0909423828125 1171.1121826171875 1057.5546875 1018.752685546875 1155.4232177734375 1329.604736328125 1333.1121826171875 1128.99853515625 971.86749267578125 859.62548828125 831.99951171875 1025.322021484375 1140.4124755859375 1004.8740234375 1134.8355712890625 1237.4366455078125 1330.098388671875 1220.5653076171875 1148.2913818359375 1270.400634765625 1419.5867919921875 1415.47216796875 1391.2216796875 1241.6942138671875 1177.1966552734375 1258.7027587890625 1179.9210205078125 996.66009521484375 871.24542236328125 767.74749755859375 651.35223388671875 690.9189453125 638.78814697265625 598.0716552734375 538.04998779296875 538.04998779296875 537.56512451171875 586.64013671875
1429.014892578125 1476.92529296875 1463.032470703125 1271.8070068359375 1157.6500244140625 1142.7103271484375 1237.300048828125 1222.28515625 1109.9693603515625 1095.7318115234375 1187.3795166015625 1341.485595703125 1437.44287109375 1236.2283935546875 1069.8824462890625 927.7777099609375 858.8026123046875 1006.496337890625 1195.989990234375 1164.9248046875 1171.154052734375 1257.1234130859375 1401.0738525390625 1408.839599609375 1272.284423828125 1252.7158203125 1371.7041015625 1520.7596435546875 1383.6668701171875 1329.65771484375 1356.587646484375 1204.6795654296875 1142.1939697265625 974.210205078125 806.9541015625 759.69561767578125 873.8931884765625 741.18621826171875 777.42315673828125 790.93255615234375 739.186767578125 638.70916748046875 723.72760009765625 764.2596435546875
1450.2208251953125 1493.1544189453125 1492.736572265625 1394.2586669921875 1333.7520751953125 1349.3758544921875 1436.6846923828125 1340.0997314453125 1243.2576904296875 1216.7799072265625 1251.0897216796875 1404.1015625 1445.44189453125 1271.1697998046875 1099.7269287109375 965.33074951171875 952.79913330078125 1109.789306640625 1302.4893798828125 1312.1512451171875 1192.944091796875 1290.888671875 1467.218017578125 1590.703125 1412.1131591796875 1368.699462890625 1370.99560546875 1470.0777587890625 1508.2611083984375 1413.602294921875 1327.9202880859375 1252.5635986328125 1078.5185546875 963.34490966796875 988.5469970703125 1004.13671875 986.15576171875 862.67681884765625 910.91351318359375 998.1982421875 880.8736572265625 815.9833984375 898.024658203125 982.518798828125
1302.0113525390625 1345.840087890625 1365.4212646484375 1376.3497314453125 1426.278076171875 1465.60498046875 1510.8704833984375 1407.00244140625 1375.6268310546875 1442.1041259765625 1463.9287109375 1511.6083984375 1498.3778076171875 1291.0955810546875 1127.431884765625 1008.19085693359375 1056.6260986328125 1166.3509521484375 1286.1063232421875 1381.4583740234375 1309.183837890625 1374.853515625 1533.3677978515625 1667.7945556640625 1551.271484375 1463.1202392578125 1421.6270751953125 1470.9405517578125 1593.8817138671875 1424.431884765625 1334.6961669921875 1190.364990234375 1078.4091796875 1121.7559814453125 1222.6611328125 1234.6282958984375 1147.81005859375 983.96649169921875 1016.2532958984375 1148.4527587890625 989.0985107421875 930.48419189453125 1043.2430419921875 1165.9649658203125
1138.059326171875 1140.69287109375 1191.9613037109375 1229.44580078125 1310.4686279296875 1370.786376953125 1411.013427734375 1464.4759521484375 1542.03076171875 1575.6029052734375 1579.6937255859375 1606.8907470703125 1538.8314208984375 1361.0694580078125 1211.973388671875 1083.90283203125 1158.7235107421875 1347.8157958984375 1433.516845703125 1519.465087890625 1356.4322509765625 1340.3031005859375 1432.8214111328125 1519.78125 1575.849853515625 1584.679931640625 1580.63916015625 1546.7779541015625 1444.0135498046875 1406.6549072265625 1338.0101318359375 1197.6767578125 1173.7178955078125 1250.9779052734375 1378.478271484375 1331.7459716796875 1185.5311279296875 1138.5220947265625 1126.50927734375 1228.27685546875 1089.86474609375 1154.6435546875 1135.8961181640625 1207.2821044921875
1044.6463623046875 1084.0897216796875 1069.3614501953125 1144.3046875 1236.97509765625 1295.4716796875 1319.5318603515625 1352.826416015625 1430.9671630859375 1521.9659423828125 1496.76513671875 1473.110595703125 1467.020263671875 1370.00244140625 1212.3660888671875 1152.4073486328125 1263.73193359375 1391.016357421875 1474.4610595703125 1555.8631591796875 1480.8924560546875 1396.9725341796875 1416.088623046875 1466.1986083984375 1490.7930908203125 1518.9068603515625 1572.942138671875 1651.169921875 1507.039794921875 1446.88671875 1377.0767822265625 1306.696044921875 1343.609130859375 1361.0233154296875 1427.58251953125 1410.9425048828125 1322.112548828125 1286.7708740234375 1271.2039794921875 1356.1881103515625 1229.1539306640625 1266.625732421875 1280.359375 1285.3775634765625
1070.259521484375 1056.7593994140625 1056.7593994140625 1056.7593994140625 1113.633544921875 1195.16455078125 1239.6805419921875 1276.275634765625 1384.9910888671875 1445.512939453125 1454.0982666015625 1393.82568359375 1323.3956298828125 1234.3375244140625 1172.1395263671875 1175.311279296875 1253.0135498046875 1307.933837890625 1385.4403076171875 1479.9588623046875 1576.9644775390625 1530.5802001953125 1518.6243896484375 1533.9722900390625 1557.45458984375 1581.9234619140625 1620.737548828125 1560.0745849609375 1502.5616455078125 1500.188232421875 1437.7818603515625 1426.8394775390625 1438.5003662109375 1411.046630859375 1421.7657470703125 1418.227783203125 1431.1793212890625 1391.425048828125 1410.5604248046875 1392.61279296875 1372.5740966796875 1391.52734375 1314.9765625 1225.4068603515625
1206.546630859375 1187.296142578125 1156.327392578125 1074.9122314453125 1056.7593994140625 1091.762451171875 1156.54638671875 1220.6463623046875 1308.1146240234375 1427.79736328125 1488.8001708984375 1370.309326171875 1248.2911376953125 1215.3768310546875 1250.0401611328125 1321.162109375 1339.001953125 1421.1461181640625 1425.4910888671875 1461.3758544921875 1518.5169677734375 1437.3045654296875 1457.9317626953125 1424.09375 1511.0701904296875 1586.3310546875 1575.8421630859375 1563.591796875 1485.217529296875 1439.880126953125 1329.7783203125 1277.351318359375 1179.066650390625 1186.4010009765625 1166.971923828125 1296.7987060546875 1332.5325927734375 1263.7913818359375 1222.629150390625 1209.411865234375 1279.0618896484375 1250.35595703125 1103.823486328125 1012.7822265625
1310.619140625 1276.277587890625 1247.150146484375 1194.591796875 1087.567626953125 1090.09375 1167.4862060546875 1317.1734619140625 1370.531982421875 1439.10888671875 1442.9390869140625 1355.1622314453125 1277.1771240234375 1271.88720703125 1342.6251220703125 1429.1451416015625 1398.819091796875 1386.131591796875 1352.422607421875 1398.22021484375 1364.53955078125 1316.5477294921875 1213.7353515625 1318.5206298828125 1386.0718994140625 1436.931640625 1410.2391357421875 1391.6630859375 1319.594970703125 1287.631591796875 1155.5654296875 1157.677734375 986.8828125 983.08123779296875 1081.1072998046875 1131.4625244140625 1219.9986572265625 1063.328369140625 1024.4522705078125 1060.23291015625 1095.134521484375 1099.5157470703125 1081.406005859375 929.67718505859375
1298.8214111328125 1391.3408203125 1343.0595703125 1284.9830322265625 1199.906494140625 1087.567626953125 1125.3865966796875 1211.2032470703125 1301.2225341796875 1385.0233154296875 1501.1890869140625 1418.4033203125 1359.486572265625 1370.1063232421875 1433.5196533203125 1366.9046630859375 1258.6956787109375 1225.119873046875 1212.4888916015625 1190.100341796875 1142.0234375 1205.4193115234375 1070.7481689453125 1159.36669921875 1314.095947265625 1344.769775390625 1268.8431396484375 1193.745849609375 1221.0433349609375 1176.195068359375 1096.1407470703125 966.65203857421875 1001.114013671875 831.88250732421875 959.0714111328125 988.35125732421875 1048.6473388671875 1014.6297607421875 877.7386474609375 940.30731201171875 875.1363525390625 955.8839111328125 1087.2164306640625 1068.1527099609375
