_data/pioneer_valley.asc
ncols        271
nrows        283
xllcorner    -123.878055554722
yllcorner    47.314444443056
dx           0.002785977863
dy           0.002781703968
[rows 76 to 94 of 283, columns 220 to 263 of 271]
1621.7559814453125 1519.6026611328125 1417.034912109375 1304.953857421875 1226.1746826171875 1138.551513671875 966.03106689453125 871.19683837890625 911.030517578125 1038.219482421875 1192.919921875 1216.92431640625 1326.6590576171875 1288.0941162109375 1388.9658203125 1507.202880859375 1617.11376953125 1733.007080078125 1826.2320556640625 1919.96826171875 1976.041015625 1836.53173828125 1801.30029296875 1794.761962890625 1855.3177490234375 1898.767578125 1792.0150146484375 1694.316650390625 1658.7325439453125 1584.471923828125 1644.20068359375 1711.5238037109375 1767.0765380859375 1790.6011962890625 1681.5574951171875 1613.49462890625 1515.339599609375 1408.0390625 1291.085205078125 1175.2333984375 1212.57421875 1258.1429443359375 1305.7064208984375 1280.1341552734375
1535.5882568359375 1414.5333251953125 1344.008544921875 1222.5501708984375 1128.758544921875 1067.157958984375 950.1934814453125 871.19683837890625 952.56658935546875 1084.53271484375 1189.579345703125 1300.302734375 1319.1793212890625 1422.9788818359375 1455.2093505859375 1523.952392578125 1647.8214111328125 1749.285400390625 1860.5615234375 1969.371826171875 2028.6744384765625 1923.781005859375 1912.856201171875 1939.2200927734375 1890.697509765625 1759.7303466796875 1710.3134765625 1632.2779541015625 1538.8599853515625 1475.8582763671875 1500.22314453125 1567.350341796875 1621.8455810546875 1647.388671875 1654.2088623046875 1597.6312255859375 1472.795654296875 1401.6212158203125 1317.74951171875 1218.6455078125 1087.4237060546875 1186.1141357421875 1179.8084716796875 1106.4246826171875
1481.4295654296875 1427.4681396484375 1324.5303955078125 1193.866943359375 1044.1104736328125 950.48651123046875 916.3714599609375 949.176513671875 1027.9254150390625 1099.4901123046875 1195.7647705078125 1311.3663330078125 1416.7294921875 1501.36328125 1578.2379150390625 1607.763427734375 1661.30517578125 1759.5035400390625 1871.6854248046875 1973.586181640625 2100.020751953125 2116.458740234375 2113.389404296875 2005.46826171875 1832.8153076171875 1704.888671875 1619.124267578125 1571.8909912109375 1505.5279541015625 1432.7567138671875 1346.364013671875 1399.9490966796875 1492.2401123046875 1476.8292236328125 1483.6053466796875 1547.543212890625 1534.8807373046875 1406.879150390625 1316.6861572265625 1203.6029052734375 1099.4500732421875 1034.775146484375 1026.347900390625 1000.003662109375
1376.1124267578125 1224.5087890625 1185.2266845703125 1073.9898681640625 953.93536376953125 916.3714599609375 945.15191650390625 1005.6236572265625 1100.1900634765625 1182.34912109375 1206.945556640625 1279.537109375 1355.2257080078125 1472.379638671875 1566.98095703125 1674.5855712890625 1763.827392578125 1805.520263671875 1901.251708984375 2028.3248291015625 2139.056396484375 2129.724609375 1962.00390625 1908.7906494140625 1843.5828857421875 1699.7822265625 1576.3720703125 1477.7415771484375 1418.7562255859375 1359.2845458984375 1291.9569091796875 1232.9044189453125 1317.5928955078125 1332.6014404296875 1338.4638671875 1409.4261474609375 1423.7723388671875 1447.812255859375 1393.8304443359375 1279.0523681640625 1177.937255859375 1098.1900634765625 1037.38916015625 966.57781982421875
1367.61474609375 1222.193359375 1066.5831298828125 982.64801025390625 931.55670166015625 951.44140625 997.8446044921875 1122.9310302734375 1215.2698974609375 1301.5482177734375 1316.5155029296875 1286.073486328125 1337.194580078125 1429.2591552734375 1550.22900390625 1650.3428955078125 1764.7401123046875 1938.447509765625 2023.6795654296875 2085.47509765625 2110.103515625 2010.14990234375 1945.1875 1769.5330810546875 1676.4293212890625 1580.1497802734375 1561.0704345703125 1435.7418212890625 1276.580810546875 1254.1162109375 1191.057861328125 1132.21533203125 1134.1011962890625 1151.433349609375 1207.2457275390625 1212.206787109375 1248.878662109375 1313.5650634765625 1260.2850341796875 1226.560546875 1131.1754150390625 1070.89990234375 1004.49383544921875 918.39678955078125
1270.437744140625 1143.8323974609375 1015.44842529296875 939.38916015625 961.50726318359375 1039.8212890625 1122.1187744140625 1278.163330078125 1412.2333984375 1506.17724609375 1538.9346923828125 1485.3443603515625 1517.6300048828125 1517.87548828125 1533.471435546875 1617.650634765625 1762.9964599609375 1921.43115234375 2034.9022216796875 2000.9576416015625 1906.1666259765625 1859.5743408203125 1810.13134765625 1704.3243408203125 1641.25927734375 1470.884521484375 1350.5869140625 1282.2886962890625 1167.724365234375 1128.821044921875 1061.395263671875 1028.2646484375 1008.0350341796875 997.463134765625 999.0294189453125 1053.92138671875 1119.384033203125 1202.623291015625 1185.198974609375 1078.19091796875 1010.0721435546875 979.4705810546875 939.56475830078125 822.362548828125
1310.3138427734375 1149.9151611328125 1051.7003173828125 1010.96978759765625 1087.6439208984375 1172.71533203125 1294.5830078125 1318.0701904296875 1417.5247802734375 1538.2142333984375 1680.471923828125 1726.3443603515625 1730.203125 1752.5667724609375 1767.035400390625 1708.7376708984375 1760.5948486328125 1904.2742919921875 1977.071044921875 1898.2845458984375 1766.6376953125 1678.68798828125 1601.551025390625 1613.092529296875 1469.2459716796875 1388.1112060546875 1217.2960205078125 1112.794921875 1056.1805419921875 1039.2889404296875 1039.2889404296875 1040.33837890625 1042.3878173828125 1013.7998046875 964.12847900390625 956.37774658203125 956.37774658203125 1009.2774658203125 1007.70623779296875 960.97979736328125 919.526611328125 875.11083984375 799.0999755859375 799.02264404296875
1217.042724609375 1158.0059814453125 1060.7176513671875 1066.81689453125 1181.317626953125 1291.576904296875 1322.6641845703125 1432.933837890625 1532.77880859375 1612.08056640625 1730.87353515625 1837.600830078125 1841.497314453125 1831.707763671875 1943.192138671875 1833.2547607421875 1784.5628662109375 1873.414794921875 1896.1766357421875 1780.2952880859375 1683.554443359375 1644.43798828125 1475.7236328125 1393.0167236328125 1357.4888916015625 1192.5711669921875 1108.135986328125 1056.1805419921875 1094.37109375 1138.9300537109375 1191.3074951171875 1227.8824462890625 1197.942626953125 1192.0374755859375 1101.4591064453125 1020.51068115234375 979.02490234375 908.47119140625 893.02996826171875 872.94671630859375 827.347900390625 815.08197021484375 860.70855712890625 937.711669921875
1095.36474609375 1095.36474609375 1146.945556640625 1207.170654296875 1338.4375 1387.302734375 1441.9923095703125 1384.115966796875 1499.4283447265625 1601.11962890625 1678.3994140625 1810.3978271484375 1923.119873046875 2058.595458984375 2070.76904296875 2018.23388671875 1942.9388427734375 1951.5916748046875 1819.663330078125 1704.56494140625 1574.5164794921875 1509.81689453125 1443.4046630859375 1301.09423828125 1169.3369140625 1110.8681640625 1064.860107421875 1126.980712890625 1210.47607421875 1300.512451171875 1330.3529052734375 1400.3599853515625 1336.0062255859375 1326.5928955078125 1190.661376953125 1124.3173828125 1112.5125732421875 1068.412109375 1005.7125244140625 937.729736328125 843.0361328125 920.458251953125 1054.934814453125 1137.2423095703125
1170.36865234375 1309.8759765625 1345.6080322265625 1423.025146484375 1519.71533203125 1536.7216796875 1502.3016357421875 1433.6075439453125 1452.226318359375 1563.54296875 1682.247314453125 1760.6202392578125 1856.869384765625 1949.943115234375 2083.297607421875 2088.282958984375 2061.33984375 1906.63134765625 1763.6456298828125 1648.0833740234375 1508.74658203125 1377.7210693359375 1313.6605224609375 1174.4339599609375 1107.875 1086.319580078125 1143.104736328125 1235.861328125 1368.6221923828125 1475.85595703125 1559.700439453125 1562.92138671875 1500.0430908203125 1334.4583740234375 1301.1104736328125 1311.81005859375 1211.273193359375 1129.43310546875 1036.4853515625 945.067138671875 864.3028564453125 907.4573974609375 1018.02496337890625 1146.5653076171875
1365.517822265625 1415.58837890625 1587.0792236328125 1659.9708251953125 1680.3682861328125 1560.0255126953125 1544.78466796875 1621.902099609375 1607.23974609375 1556.74072265625 1603.7862548828125 1720.34619140625 1819.713134765625 1932.6502685546875 2039.9322509765625 2057.9130859375 1918.9464111328125 1759.5489501953125 1619.5269775390625 1486.60009765625 1377.1529541015625 1255.2498779296875 1189.6064453125 1138.51953125 1185.7877197265625 1253.5394287109375 1353.96875 1407.4783935546875 1412.646240234375 1515.445556640625 1641.4320068359375 1678.6240234375 1562.1859130859375 1527.2305908203125 1439.0001220703125 1340.6962890625 1270.0726318359375 1161.3681640625 1042.1680908203125 967.81005859375 864.3028564453125 890.8240966796875 1020.0560302734375 1168.526611328125
1518.7969970703125 1624.5340576171875 1717.8890380859375 1805.1793212890625 1795.1134033203125 1751.001708984375 1744.79150390625 1842.2589111328125 1829.3570556640625 1746.0029296875 1748.1798095703125 1795.28759765625 1786.6068115234375 1886.3917236328125 1981.6600341796875 1921.5799560546875 1784.403564453125 1642.4534912109375 1470.1898193359375 1344.663818359375 1255.5823974609375 1185.6468505859375 1183.4296875 1239.113525390625 1329.7496337890625 1435.6871337890625 1547.1962890625 1663.97998046875 1586.152587890625 1556.6475830078125 1599.7528076171875 1712.005615234375 1614.861083984375 1485.739013671875 1368.30322265625 1277.8546142578125 1196.9783935546875 1122.1448974609375 1036.0360107421875 952.71588134765625 866.9149169921875 915.770751953125 1011.9835205078125 1158.4437255859375
1498.8433837890625 1530.1641845703125 1613.0487060546875 1710.119140625 1807.45654296875 1890.3271484375 1919.0047607421875 1935.6402587890625 2032.360107421875 1954.2646484375 1867.853271484375 1840.259765625 1884.1329345703125 1911.189453125 1877.5062255859375 1765.702880859375 1655.4049072265625 1486.6160888671875 1381.8291015625 1277.282958984375 1291.56396484375 1334.91943359375 1394.358154296875 1449.1409912109375 1546.306884765625 1635.1243896484375 1722.7000732421875 1778.4227294921875 1751.4853515625 1657.373046875 1635.7935791015625 1737.5123291015625 1648.7750244140625 1524.4476318359375 1409.630615234375 1305.4725341796875 1204.650390625 1118.1900634765625 1012.1622314453125 927.06903076171875 874.85009765625 936.0089111328125 1007.4854736328125 1066.3697509765625
1565.3536376953125 1585.755615234375 1569.22216796875 1627.63623046875 1729.297607421875 1839.4500732421875 1931.7884521484375 1999.0743408203125 2060.3583984375 2078.10498046875 1969.5404052734375 2053.871826171875 2039.34326171875 1917.6014404296875 1756.158203125 1643.4066162109375 1512.663330078125 1430.836181640625 1378.457763671875 1427.1561279296875 1482.0816650390625 1552.2930908203125 1655.5225830078125 1577.2384033203125 1601.0703125 1739.73974609375 1870.8009033203125 1865.4625244140625 1823.1844482421875 1801.8529052734375 1772.23486328125 1716.648681640625 1666.996337890625 1549.7374267578125 1414.746337890625 1318.0234375 1216.05419921875 1088.1702880859375 1018.94964599609375 927.20306396484375 886.56292724609375 953.64190673828125 1071.6494140625 1116.721923828125
1497.9595947265625 1565.26611328125 1595.6314697265625 1610.4635009765625 1651.8828125 1723.646240234375 1813.433349609375 1896.4371337890625 2014.4825439453125 2166.190673828125 2106.259765625 1963.4271240234375 1909.3067626953125 1912.1702880859375 1776.886474609375 1619.4610595703125 1497.926025390625 1414.5107421875 1485.3740234375 1626.800537109375 1743.0902099609375 1742.0980224609375 1722.53173828125 1820.1805419921875 1754.1727294921875 1789.9853515625 1890.1927490234375 1999.7418212890625 1944.8226318359375 1843.6558837890625 1709.9395751953125 1639.726318359375 1572.2158203125 1464.142578125 1385.8651123046875 1328.5438232421875 1207.051025390625 1112.8697509765625 1026.536865234375 931.48388671875 901.25799560546875 972.07122802734375 1091.5313720703125 1204.9603271484375
1385.4017333984375 1429.9056396484375 1465.356201171875 1511.023193359375 1558.1014404296875 1626.39208984375 1688.4361572265625 1783.2490234375 1904.1060791015625 2037.7364501953125 2155.3291015625 1982.9168701171875 1883.5316162109375 1822.0224609375 1721.300048828125 1619.2518310546875 1487.17529296875 1414.5107421875 1414.5107421875 1539.1112060546875 1675.8594970703125 1867.5496826171875 1916.9281005859375 2008.3021240234375 1918.443603515625 1850.481689453125 1871.2425537109375 1936.228515625 1904.1104736328125 1819.9202880859375 1760.8690185546875 1725.2493896484375 1627.1478271484375 1507.7947998046875 1393.3592529296875 1285.3690185546875 1187.82470703125 1114.3743896484375 998.248046875 917.4193115234375 939.161865234375 992.4403076171875 1102.9813232421875 1212.51220703125
1440.1744384765625 1532.3328857421875 1565.0706787109375 1622.521240234375 1632.725341796875 1646.3753662109375 1672.5791015625 1708.8345947265625 1769.6634521484375 1889.613037109375 2127.927978515625 2167.9033203125 1992.0023193359375 1847.5750732421875 1737.530029296875 1642.8797607421875 1560.7369384765625 1459.0245361328125 1414.5107421875 1492.5501708984375 1611.8480224609375 1759.9593505859375 1906.7587890625 2020.87939453125 2048.02001953125 2000.8424072265625 1999.4483642578125 1989.1700439453125 1912.32177734375 1884.3450927734375 1848.0545654296875 1776.37744140625 1664.9935302734375 1581.403076171875 1446.481689453125 1322.85888671875 1193.8426513671875 1090.895751953125 1007.4942626953125 935.606689453125 972.886474609375 1018.257080078125 1095.5721435546875 1196.252197265625
1443.6357421875 1550.551025390625 1668.4827880859375 1714.67626953125 1776.4578857421875 1768.3289794921875 1708.30859375 1709.0509033203125 1746.8289794921875 1796.1123046875 1946.2161865234375 2143.49658203125 2016.9549560546875 2023.1917724609375 1864.7923583984375 1772.5245361328125 1671.8936767578125 1558.63330078125 1445.031494140625 1449.102294921875 1560.6395263671875 1695.1014404296875 1832.6812744140625 2026.2677001953125 2070.650634765625 1933.9405517578125 1857.4305419921875 1833.23291015625 1732.1451416015625 1697.8846435546875 1662.161865234375 1627.38623046875 1557.1358642578125 1447.4542236328125 1338.2552490234375 1254.2818603515625 1158.820556640625 1053.2301025390625 951.165771484375 935.606689453125 971.38092041015625 1080.50634765625 1196.1834716796875 1262.021240234375
1465.9827880859375 1544.220458984375 1671.8197021484375 1773.7752685546875 1870.098388671875 1865.2825927734375 1860.861083984375 1840.773193359375 1864.44677734375 1838.4635009765625 1921.001953125 2166.787353515625 2130.527099609375 2001.4281005859375 1955.74462890625 1906.0906982421875 1739.6497802734375 1574.412109375 1466.376220703125 1445.031494140625 1506.6737060546875 1612.43896484375 1746.6226806640625 1902.48388671875 1989.5950927734375 1912.2349853515625 1826.05126953125 1801.697021484375 1788.398681640625 1718.6627197265625 1628.277587890625 1540.1248779296875 1466.630859375 1371.7562255859375 1315.05810546875 1255.9039306640625 1134.9833984375 1002.25408935546875 945.18609619140625 941.41351318359375 1015.39111328125 1134.038330078125 1250.86572265625 1392.0166015625
