_data/pioneer_valley.asc
ncols        271
nrows        283
xllcorner    -123.878055554722
yllcorner    47.314444443056
dx           0.002785977863
dy           0.002781703968
[rows 114 to 132 of 283, columns 220 to 263 of 271]
851.88409423828125 944.5294189453125 1032.966064453125 1106.7796630859375 1216.330810546875 1328.6646728515625 1396.8006591796875 1482.8670654296875 1581.2642822265625 1612.005126953125 1638.9666748046875 1685.8358154296875 1743.230712890625 1936.8631591796875 2018.77197265625 1876.6617431640625 1775.2847900390625 1680.586181640625 1716.30078125 1811.2203369140625 1949.54248046875 1925.7474365234375 1839.2491455078125 1801.8388671875 1710.760498046875 1724.9827880859375 1730.985595703125 1700.9366455078125 1715.807373046875 1831.1134033203125 1744.3387451171875 1610.264404296875 1761.531982421875 1779.6146240234375 1653.625732421875 1612.125 1485.074462890625 1399.536865234375 1304.263671875 1345.0748291015625 1364.5537109375 1375.4508056640625 1469.943359375 1594.021728515625
829.42022705078125 892.48370361328125 967.39581298828125 1069.5367431640625 1152.8228759765625 1213.8355712890625 1267.82958984375 1363.4132080078125 1447.0242919921875 1485.9591064453125 1570.5245361328125 1628.3818359375 1701.5714111328125 1804.9954833984375 1899.18603515625 1834.5821533203125 1737.81591796875 1569.426513671875 1639.737548828125 1732.10009765625 1834.8885498046875 1928.794189453125 1872.040771484375 1810.4447021484375 1811.9354248046875 1800.896484375 1768.158203125 1803.7689208984375 1921.1412353515625 1826.501708984375 1769.464599609375 1690.453369140625 1842.84228515625 1788.3438720703125 1668.817626953125 1554.703857421875 1470.7242431640625 1364.0172119140625 1357.5289306640625 1381.4984130859375 1390.3973388671875 1424.757568359375 1523.076904296875 1652.8740234375
825.61041259765625 837.403076171875 875.3585205078125 957.4434814453125 1021.42633056640625 1086.4677734375 1196.552490234375 1307.36328125 1438.002685546875 1509.1077880859375 1582.936767578125 1650.08349609375 1726.3839111328125 1775.8436279296875 1858.171142578125 1804.167724609375 1699.258056640625 1558.6343994140625 1535.18603515625 1656.6326904296875 1761.3955078125 1885.443115234375 1924.562255859375 1914.0360107421875 1971.688232421875 1940.460205078125 1857.5400390625 1849.0538330078125 1943.831298828125 1859.6639404296875 1793.387451171875 1847.4967041015625 1803.7613525390625 1688.10791015625 1598.4072265625 1522.8597412109375 1468.606201171875 1400.4052734375 1421.2027587890625 1458.0938720703125 1452.0618896484375 1517.58837890625 1640.8153076171875 1885.22265625
788.71697998046875 778.690673828125 819.138427734375 856.32037353515625 966.05712890625 1078.9698486328125 1171.3468017578125 1278.9859619140625 1363.8800048828125 1424.7647705078125 1477.7177734375 1556.53857421875 1658.280029296875 1730.747802734375 1732.3585205078125 1734.00048828125 1624.415283203125 1497.0736083984375 1456.5196533203125 1573.0140380859375 1651.324462890625 1731.9583740234375 1832.0048828125 1889.3487548828125 1887.9376220703125 1863.3282470703125 1893.9798583984375 1952.5244140625 2000.681640625 1971.74560546875 1827.2972412109375 1758.726806640625 1677.8155517578125 1647.0560302734375 1682.0701904296875 1572.9847412109375 1576.43603515625 1518.1126708984375 1531.841552734375 1486.46533203125 1528.2318115234375 1645.0859375 1751.767578125 1960.8359375
929.64990234375 824.01416015625 770.58514404296875 794.7918701171875 860.138916015625 977.8548583984375 1091.25732421875 1185.9716796875 1263.8348388671875 1275.88134765625 1280.7628173828125 1396.783447265625 1548.364501953125 1592.283203125 1590.1248779296875 1630.18505859375 1484.98095703125 1337.45458984375 1420.779541015625 1511.0665283203125 1620.9615478515625 1679.6097412109375 1716.1846923828125 1711.8521728515625 1691.522216796875 1691.8421630859375 1754.1341552734375 1834.537353515625 1908.368896484375 1935.3614501953125 1869.607177734375 1810.332763671875 1740.739501953125 1796.282470703125 1823.8472900390625 1719.408935546875 1622.7882080078125 1617.6580810546875 1537.6304931640625 1579.919189453125 1709.9451904296875 1869.5274658203125 1872.8468017578125 2116.611083984375
1102.343505859375 967.5904541015625 837.851318359375 760.43560791015625 773.4324951171875 872.654052734375 981.78411865234375 1066.5845947265625 1125.5015869140625 1102.195068359375 1241.9876708984375 1373.479248046875 1421.692626953125 1388.4736328125 1509.3367919921875 1503.7606201171875 1389.4989013671875 1283.72216796875 1353.6488037109375 1484.9256591796875 1546.6761474609375 1591.519775390625 1636.2574462890625 1599.793212890625 1603.5858154296875 1676.43310546875 1696.6180419921875 1780.9119873046875 1889.0865478515625 1938.133544921875 1990.74462890625 1879.9052734375 1835.1683349609375 1858.56982421875 1793.9747314453125 1713.159912109375 1651.521728515625 1598.08544921875 1649.965087890625 1748.78125 1884.81591796875 2123.95751953125 2312.93017578125 2141.309814453125
1196.556640625 1122.07080078125 957.26019287109375 802.94873046875 760.43560791015625 762.04412841796875 859.05743408203125 918.26708984375 972.77288818359375 1034.015869140625 1128.669677734375 1246.4849853515625 1236.2760009765625 1291.4271240234375 1413.39599609375 1411.7548828125 1331.451904296875 1184.5213623046875 1262.65576171875 1339.5943603515625 1419.049072265625 1475.9227294921875 1541.0968017578125 1469.953369140625 1524.263671875 1592.9735107421875 1593.057861328125 1675.470947265625 1759.453369140625 1866.375732421875 1823.4600830078125 1784.174560546875 1739.4166259765625 1705.163818359375 1715.9840087890625 1750.4422607421875 1744.8681640625 1800.506103515625 1871.687744140625 1857.9407958984375 2022.093505859375 2182.256591796875 2062.9658203125 2013.2576904296875
1341.250244140625 1200.0672607421875 1022.30560302734375 912.8392333984375 772.04876708984375 760.43560791015625 793.91156005859375 816.0306396484375 846.121826171875 951.55096435546875 1021.458740234375 1080.1005859375 1058.6910400390625 1183.8470458984375 1243.2440185546875 1231.6026611328125 1169.3656005859375 1117.6861572265625 1243.4132080078125 1196.5711669921875 1192.92724609375 1325.42041015625 1400.330078125 1349.312744140625 1407.5068359375 1458.63037109375 1577.7723388671875 1652.62451171875 1706.69873046875 1685.64208984375 1592.2098388671875 1544.9742431640625 1489.666259765625 1477.299560546875 1509.225830078125 1608.3974609375 1751.3323974609375 1824.27294921875 1833.4117431640625 1937.6231689453125 2076.8251953125 2092.732421875 1999.632080078125 1915.2698974609375
1234.55419921875 1113.74755859375 1037.28076171875 997.7967529296875 946.661865234375 828.73358154296875 760.43560791015625 729.0789794921875 729.0789794921875 778.4287109375 863.27099609375 920.18994140625 1020.093017578125 1074.6011962890625 1102.8836669921875 1032.63818359375 1001.97259521484375 1150.1981201171875 1067.4776611328125 1000.21832275390625 1156.064697265625 1286.4052734375 1280.041748046875 1255.4591064453125 1371.0594482421875 1436.6932373046875 1451.3294677734375 1526.1341552734375 1576.8524169921875 1558.3671875 1444.2476806640625 1365.3709716796875 1318.202880859375 1353.9564208984375 1395.841796875 1512.23974609375 1580.7510986328125 1595.0516357421875 1631.60498046875 1741.83837890625 1881.7366943359375 2034.4837646484375 1917.68212890625 1823.46337890625
1081.67578125 1081.67578125 1100.6378173828125 1159.0374755859375 1102.159423828125 1001.672607421875 920.302734375 815.0325927734375 734.3319091796875 710.57763671875 710.57763671875 748.09222412109375 819.67938232421875 889.81732177734375 927.1234130859375 843.67315673828125 940.18951416015625 960.19122314453125 869.26434326171875 1004.22906494140625 1151.2125244140625 1147.5526123046875 1082.1990966796875 1240.69091796875 1253.34130859375 1233.4224853515625 1240.645751953125 1280.9193115234375 1356.8438720703125 1342.026611328125 1281.30029296875 1163.2520751953125 1197.006103515625 1288.56396484375 1340.6236572265625 1382.44580078125 1467.6007080078125 1523.25048828125 1596.495361328125 1697.2562255859375 1861.572998046875 1945.274169921875 2003.7197265625 1775.1878662109375
1221.59228515625 1304.998291015625 1261.52392578125 1266.8526611328125 1248.5225830078125 1141.6934814453125 1024.68115234375 969.85986328125 924.92266845703125 845.01983642578125 776.5718994140625 708.40985107421875 681.7813720703125 681.7813720703125 742.9129638671875 744.173828125 768.94085693359375 757.33551025390625 887.99957275390625 992.62158203125 1048.833251953125 992.26409912109375 1039.887939453125 1106.66845703125 1114.0166015625 1065.0753173828125 1077.4156494140625 1120.239990234375 1180.7996826171875 1156.6207275390625 1118.4566650390625 1013.7747802734375 1124.606201171875 1207.4571533203125 1309.029052734375 1347.5411376953125 1370.62353515625 1486.630859375 1609.7864990234375 1709.966552734375 1830.9625244140625 1808.990478515625 1828.0155029296875 1705.9844970703125
1415.7728271484375 1550.4708251953125 1419.9827880859375 1363.79638671875 1332.5970458984375 1199.52197265625 1123.3917236328125 1125.638916015625 1077.3453369140625 1022.898681640625 945.87042236328125 848.86944580078125 803.8948974609375 739.562255859375 660.0987548828125 655.84161376953125 655.84161376953125 697.82647705078125 783.89666748046875 875.55389404296875 924.2325439453125 930.01617431640625 891.144287109375 937.5264892578125 929.85888671875 942.98089599609375 957.009765625 925.32275390625 1026.5145263671875 1024.190673828125 927.70281982421875 943.75872802734375 1093.130859375 1141.431396484375 1158.657958984375 1163.9930419921875 1194.9539794921875 1288.943115234375 1421.2730712890625 1557.442626953125 1748.8321533203125 1729.4212646484375 1702.491455078125 1521.491943359375
1511.370361328125 1659.1873779296875 1507.992919921875 1482.1998291015625 1344.0245361328125 1325.3282470703125 1278.9375 1282.029052734375 1244.356201171875 1185.1724853515625 1083.2127685546875 1031.3489990234375 945.631103515625 867.97314453125 820.30670166015625 803.76959228515625 744.4844970703125 655.84161376953125 655.84161376953125 722.99163818359375 765.609619140625 800.32904052734375 780.5289306640625 820.89581298828125 820.77313232421875 817.555908203125 845.244384765625 857.42108154296875 879.9620361328125 875.74652099609375 784.32342529296875 912.31170654296875 983.792724609375 1040.7864990234375 1097.4415283203125 1039.4119873046875 1062.0477294921875 1218.0377197265625 1343.673095703125 1451.87841796875 1586.7305908203125 1722.6297607421875 1582.131103515625 1468.14990234375
1566.052001953125 1798.4197998046875 1621.8323974609375 1509.9552001953125 1471.6832275390625 1405.3380126953125 1430.05859375 1379.728515625 1348.60595703125 1300.8109130859375 1258.251708984375 1200.107177734375 1096.29638671875 1083.981689453125 1010.9521484375 934.0400390625 873.059814453125 747.36968994140625 656.56610107421875 613.63238525390625 621.99176025390625 669.5577392578125 699.2147216796875 694.50653076171875 705.050048828125 715.42242431640625 753.89599609375 761.74078369140625 748.6162109375 778.3369140625 742.88909912109375 818.04852294921875 858.48895263671875 925.11602783203125 977.56219482421875 893.284912109375 907.305419921875 1029.3807373046875 1224.40869140625 1368.4442138671875 1418.8323974609375 1597.3878173828125 1594.7021484375 1510.17431640625
1586.9818115234375 1888.83447265625 1796.08935546875 1690.4412841796875 1620.6744384765625 1566.4881591796875 1556.9686279296875 1488.3787841796875 1438.4052734375 1376.3150634765625 1369.470703125 1355.96533203125 1324.1895751953125 1214.6097412109375 1173.36669921875 1080.3128662109375 981.7454833984375 838.49249267578125 697.9947509765625 625.08819580078125 613.63238525390625 613.63238525390625 642.414306640625 592.93328857421875 580.11529541015625 580.11529541015625 603.710205078125 617.350830078125 660.4794921875 675.5689697265625 649.47021484375 662.22027587890625 691.09063720703125 755.86651611328125 771.08734130859375 728.81243896484375 766.13623046875 881.32135009765625 977.262939453125 1213.6451416015625 1348.8597412109375 1505.221923828125 1475.7725830078125 1257.8193359375
1599.0380859375 1524.14111328125 1557.224609375 1609.205322265625 1516.1383056640625 1430.367431640625 1401.709716796875 1439.5201416015625 1468.03857421875 1445.28271484375 1358.7874755859375 1284.19775390625 1239.84375 1088.70654296875 1015.1142578125 905.59613037109375 799.14385986328125 700.619384765625 625.08819580078125 675.9217529296875 688.28515625 647.76995849609375 613.63238525390625 581.7764892578125 596.66363525390625 591.82684326171875 569.8035888671875 551.1768798828125 542.87347412109375 542.87347412109375 542.87347412109375 536.1146240234375 577.327880859375 601.911865234375 602.41339111328125 617.750244140625 657.2967529296875 738.1610107421875 879.60540771484375 1060.2578125 1233.3052978515625 1389.8582763671875 1263.47900390625 1179.0025634765625
1418.4696044921875 1418.6605224609375 1404.483642578125 1401.22900390625 1366.892333984375 1264.5740966796875 1195.9521484375 1243.9373779296875 1277.8101806640625 1197.2520751953125 1155.41943359375 1120.3092041015625 1059.7099609375 996.04937744140625 873.09710693359375 752.12921142578125 660.14276123046875 660.14276123046875 742.173583984375 835.69451904296875 870.15179443359375 828.94940185546875 763.52081298828125 732.3397216796875 778.457763671875 776.386474609375 739.13055419921875 697.4180908203125 660.547607421875 620.60443115234375 602.8883056640625 554.27362060546875 530.27044677734375 530.27044677734375 530.27044677734375 530.27044677734375 530.27044677734375 606.68341064453125 790.5147705078125 884.39007568359375 1080.384521484375 1145.05859375 1249.1358642578125 1022.40142822265625
1294.5391845703125 1305.0775146484375 1275.2391357421875 1271.3330078125 1159.5404052734375 1076.8099365234375 1010.181884765625 1076.226806640625 1048.1729736328125 978.6097412109375 930.82965087890625 913.9580078125 863.1082763671875 783.38616943359375 701.89617919921875 660.14276123046875 664.37109375 806.93975830078125 902.93310546875 996.876220703125 1053.4351806640625 897.71240234375 948.720947265625 886.5306396484375 967.85595703125 950.28857421875 897.32403564453125 885.736083984375 840.13421630859375 767.87701416015625 733.56585693359375 699.17889404296875 665.510009765625 593.90777587890625 584.20867919921875 536.2225341796875 546.0206298828125 513.51904296875 513.51904296875 598.63604736328125 665.10107421875 849.10797119140625 1105.646240234375 977.97705078125
1132.39501953125 1172.2999267578125 1153.1114501953125 1091.22216796875 1025.443359375 946.1380615234375 860.723388671875 863.42144775390625 816.614013671875 764.8199462890625 725.002197265625 725.002197265625 725.002197265625 725.002197265625 785.164794921875 689.55487060546875 789.600830078125 920.4442138671875 1035.807861328125 1118.979736328125 1169.0537109375 1142.7227783203125 1123.084228515625 1105.5736083984375 1167.457275390625 1134.67724609375 1062.123779296875 1050.65673828125 1001.4327392578125 882.10528564453125 900.72735595703125 872.240234375 821.32794189453125 739.18707275390625 693.81494140625 809.58587646484375 805.3245849609375 649.7730712890625 538.1502685546875 513.51904296875 513.51904296875 631.422119140625 785.522216796875 755.82342529296875
