_data/pioneer_valley.asc
ncols        271
nrows        283
xllcorner    -123.878055554722
yllcorner    47.314444443056
dx           0.002785977863
dy           0.002781703968
[rows 190 to 208 of 283, columns 132 to 175 of 271]
837.32891845703125 879.65875244140625 838.54730224609375 877.4677734375 911.16357421875 818.3973388671875 770.14862060546875 766.61480712890625 779.677734375 817.38116455078125 873.5328369140625 915.58868408203125 987.21026611328125 1019.69610595703125 1100.9381103515625 1197.8519287109375 1300.6455078125 1346.5191650390625 1429.6640625 1386.842529296875 1398.903564453125 1416.8341064453125 1364.87548828125 1242.5640869140625 1211.5506591796875 1130.1990966796875 1137.2537841796875 1046.8201904296875 1049.470947265625 1010.88031005859375 987.769775390625 922.13385009765625 934.81982421875 899.0435791015625 801.715087890625 733.19482421875 695.84185791015625 644.6904296875 648.96142578125 644.5418701171875 709.08697509765625 677.13616943359375 665.998779296875 613.45458984375
628.01666259765625 658.3546142578125 666.03387451171875 651.70098876953125 658.79254150390625 672.1312255859375 741.5828857421875 773.88995361328125 809.48919677734375 809.85565185546875 809.85565185546875 809.85565185546875 825.41302490234375 880.066162109375 990.5909423828125 1087.028076171875 1130.6844482421875 1198.7601318359375 1276.146728515625 1321.203125 1379.638671875 1302.1427001953125 1136.4124755859375 1078.6278076171875 997.831787109375 929.53704833984375 902.884033203125 864.47625732421875 804.7293701171875 819.42352294921875 760.3193359375 718.58587646484375 701.617919921875 680.1368408203125 628.25311279296875 613.25433349609375 613.25433349609375 597.08233642578125 587.91473388671875 569.08380126953125 569.08380126953125 569.08380126953125 569.08380126953125 569.08380126953125
600.30743408203125 604.24237060546875 648.9454345703125 701.91094970703125 756.79290771484375 834.6787109375 934.2257080078125 990.46038818359375 1028.2052001953125 1049.22021484375 919.0592041015625 893.69293212890625 809.85565185546875 813.831787109375 908.7410888671875 1030.9403076171875 1110.62890625 1227.6356201171875 1262.732177734375 1369.9627685546875 1219.33447265625 1073.6123046875 997.90899658203125 909.00830078125 845.6429443359375 804.70257568359375 786.566162109375 777.44207763671875 757.06390380859375 724.956298828125 714.83551025390625 704.37322998046875 704.0411376953125 713.914794921875 727.98138427734375 756.614990234375 828.98046875 867.7518310546875 840.10064697265625 798.15631103515625 750.12933349609375 750.431884765625 747.5855712890625 758.54229736328125
609.3255615234375 678.198486328125 812.4815673828125 930.8548583984375 992.93292236328125 984.75274658203125 1045.27978515625 1103.453369140625 1159.8485107421875 1123.2359619140625 1114.825439453125 1004.88885498046875 853.61962890625 856.52178955078125 943.64208984375 1047.7294921875 1155.3529052734375 1306.4046630859375 1237.559814453125 1126.2843017578125 1033.01806640625 939.40325927734375 926.6746826171875 975.175537109375 968.7518310546875 972.4901123046875 985.51739501953125 982.5670166015625 986.37030029296875 968.82196044921875 947.73974609375 925.64190673828125 930.2659912109375 960.5091552734375 1003.89886474609375 1033.62548828125 1067.9005126953125 1086.6683349609375 1063.2083740234375 1013.163330078125 974.5118408203125 962.86846923828125 973.3707275390625 850.09307861328125
650.02056884765625 733.34661865234375 876.50225830078125 1035.135009765625 1175.7117919921875 1241.609619140625 1252.3521728515625 1390.9591064453125 1347.3365478515625 1193.9251708984375 1088.815185546875 956.2957763671875 967.25 1048.6243896484375 1071.555419921875 1122.78271484375 1291.1495361328125 1343.200927734375 1195.17041015625 1139.6199951171875 1156.8828125 1162.72607421875 1108.8858642578125 1160.5653076171875 1206.736572265625 1146.9437255859375 1169.9537353515625 1194.2255859375 1184.699951171875 1135.0855712890625 1169.76318359375 1171.373779296875 1198.892822265625 1159.8375244140625 1159.8944091796875 1138.6768798828125 1124.8785400390625 1014.46209716796875 976.7117919921875 988.37884521484375 1033.55126953125 1027.8302001953125 949.68701171875 834.1800537109375
676.74725341796875 810.89019775390625 910.5023193359375 1019.21417236328125 1134.2896728515625 1261.9681396484375 1303.357666015625 1348.7244873046875 1220.3712158203125 1131.7459716796875 1059.300048828125 1038.494140625 1090.335693359375 1213.4024658203125 1396.0672607421875 1297.2174072265625 1322.81591796875 1520.19677734375 1441.5137939453125 1423.9248046875 1309.1058349609375 1342.992919921875 1341.8099365234375 1267.3057861328125 1361.2032470703125 1366.0792236328125 1273.0347900390625 1208.6678466796875 1147.895263671875 1089.799560546875 1048.8309326171875 1026.8619384765625 998.38531494140625 920.4976806640625 944.44488525390625 909.7967529296875 900.00323486328125 824.61859130859375 779.3580322265625 797.11968994140625 860.6947021484375 921.827880859375 923.75909423828125 855.132568359375
805.922119140625 931.63507080078125 1023.6376953125 1073.793212890625 1187.7626953125 1220.726318359375 1369.6134033203125 1239.068603515625 1214.112548828125 1188.02783203125 1185.4912109375 1227.04150390625 1278.0601806640625 1325.726318359375 1409.7955322265625 1512.7572021484375 1430.8345947265625 1443.551025390625 1360.9600830078125 1259.78955078125 1251.4517822265625 1264.14892578125 1259.0181884765625 1268.29541015625 1239.6697998046875 1167.3343505859375 1050.737548828125 1010.321044921875 1005.0032958984375 960.612548828125 898.990966796875 893.2537841796875 812.2177734375 782.86114501953125 716.3592529296875 700.3568115234375 693.2244873046875 656.55047607421875 656.51507568359375 659.70465087890625 651.794921875 695.56103515625 713.07366943359375 765.9632568359375
965.6790771484375 1079.1036376953125 1226.6961669921875 1197.3994140625 1261.6051025390625 1399.6319580078125 1338.458740234375 1281.8009033203125 1301.2080078125 1338.892578125 1382.3470458984375 1470.631103515625 1478.464599609375 1467.2410888671875 1451.69091796875 1407.443359375 1290.695068359375 1203.87060546875 1158.1595458984375 1123.2890625 1055.236572265625 1099.541748046875 1125.19677734375 1166.5164794921875 1113.380126953125 984.24249267578125 949.77117919921875 919.57867431640625 841.217529296875 833.47088623046875 777.489013671875 713.0924072265625 650.9798583984375 595.0631103515625 570.22308349609375 538.5546875 523.97515869140625 505.561614990234375 502.589935302734375 500.833282470703125 495.21881103515625 513.34576416015625 529.3336181640625 554.9951171875
1072.3699951171875 1164.0858154296875 1208.1954345703125 1352.58984375 1473.28515625 1424.38037109375 1343.467529296875 1361.3017578125 1374.2918701171875 1358.279052734375 1341.1112060546875 1308.1158447265625 1291.7384033203125 1319.01025390625 1281.2589111328125 1227.8533935546875 1242.502197265625 1213.00830078125 1135.7528076171875 1092.645751953125 1033.0625 942.135009765625 951.508056640625 972.6417236328125 908.73736572265625 896.3026123046875 837.10791015625 796.63311767578125 709.290283203125 676.59796142578125 604.8275146484375 518.4461669921875 508.341461181640625 508.341461181640625 508.341461181640625 508.341461181640625 508.341461181640625 500.439483642578125 500.36224365234375 488.402313232421875 466.191253662109375 449.545196533203125 434.737945556640625 431.67156982421875
1064.8892822265625 1193.909912109375 1267.4876708984375 1413.883056640625 1365.515380859375 1305.1407470703125 1229.7939453125 1238.4068603515625 1230.353515625 1293.48388671875 1234.8629150390625 1169.6610107421875 1155.0103759765625 1221.7325439453125 1183.4749755859375 1128.1297607421875 1121.458984375 1132.1414794921875 1110.2718505859375 1041.1947021484375 959.3143310546875 897.654541015625 826.8228759765625 779.54736328125 739.301513671875 699.2105712890625 668.8701171875 635.195068359375 580.01129150390625 556.5545654296875 556.5545654296875 606.18682861328125 637.335693359375 679.33624267578125 724.514892578125 709.91448974609375 674.87225341796875 736.7589111328125 740.39849853515625 730.65411376953125 651.9228515625 578.01287841796875 490.19500732421875 451.30859375
1084.790771484375 1185.4422607421875 1337.0616455078125 1385.4852294921875 1269.8001708984375 1202.394287109375 1147.5272216796875 1165.0849609375 1243.1796875 1221.5333251953125 1233.5169677734375 1137.573974609375 1101.3114013671875 1119.5462646484375 1138.3438720703125 1094.4039306640625 1007.17510986328125 989.770263671875 936.30328369140625 869.99847412109375 783.0313720703125 710.48297119140625 666.57720947265625 642.01837158203125 598.8046875 569.78778076171875 559.71942138671875 559.71942138671875 559.71942138671875 658.73614501953125 732.2713623046875 798.90576171875 820.58056640625 851.129638671875 922.2630615234375 905.58148193359375 916.61578369140625 958.764404296875 953.4205322265625 914.22052001953125 825.219482421875 733.23504638671875 590.92138671875 453.30133056640625
1242.1004638671875 1289.4617919921875 1436.0433349609375 1312.0167236328125 1227.7122802734375 1140.325439453125 1086.0582275390625 1021.80645751953125 997.7542724609375 1022.51202392578125 1109.724609375 1106.07470703125 1059.8409423828125 1010.37030029296875 1020.9326171875 982.39697265625 905.96112060546875 816.1829833984375 756.8316650390625 690.70062255859375 630.3651123046875 596.343017578125 596.343017578125 596.343017578125 596.343017578125 633.693115234375 696.2098388671875 758.38861083984375 732.16119384765625 775.743408203125 858.802978515625 964.3380126953125 989.74346923828125 1004.89947509765625 1039.0924072265625 1051.7979736328125 1060.2777099609375 1044.65283203125 1015.48779296875 951.56182861328125 863.81256103515625 764.86187744140625 662.61785888671875 522.31298828125
1229.3624267578125 1443.0784912109375 1506.500732421875 1377.2086181640625 1200.7698974609375 1167.68701171875 1157.0106201171875 1081.00244140625 966.03790283203125 902.648681640625 946.35479736328125 961.06976318359375 930.846435546875 868.554443359375 866.3128662109375 835.76153564453125 783.66131591796875 689.04937744140625 641.74407958984375 637.051025390625 679.6883544921875 757.20404052734375 798.9876708984375 814.447021484375 837.21270751953125 847.56842041015625 891.323486328125 910.85009765625 916.048828125 935.34918212890625 956.27178955078125 982.75347900390625 1109.3155517578125 1136.5511474609375 1172.41162109375 1126.432373046875 1049.04443359375 968.60015869140625 898.5277099609375 820.28717041015625 742.3052978515625 623.71014404296875 524.36614990234375 455.072052001953125
1168.3306884765625 1232.0640869140625 1315.6787109375 1390.8477783203125 1356.5118408203125 1445.3880615234375 1320.489990234375 1154.102294921875 1044.9603271484375 945.6529541015625 879.75634765625 857.13970947265625 843.8199462890625 777.95819091796875 710.51519775390625 685.98138427734375 685.98138427734375 685.98138427734375 740.47900390625 767.5738525390625 820.03021240234375 892.34912109375 943.5758056640625 937.214599609375 972.6942138671875 991.93182373046875 1001.3250732421875 1018.927001953125 1000.46783447265625 1123.1851806640625 1146.9652099609375 1148.2911376953125 1125.1434326171875 1222.423095703125 1097.0970458984375 1017.0205078125 952.47314453125 873.1805419921875 815.1116943359375 725.1607666015625 596.0206298828125 499.5079345703125 447.0279541015625 398.42608642578125
1348.35400390625 1362.3699951171875 1415.9190673828125 1370.744873046875 1294.1318359375 1333.10107421875 1293.88232421875 1237.134765625 1200.103759765625 1159.5460205078125 1024.9981689453125 902.79058837890625 839.1005859375 814.654296875 782.2635498046875 787.373046875 851.04473876953125 872.9246826171875 896.25299072265625 943.9552001953125 986.176513671875 1028.2569580078125 1019.04449462890625 1073.4708251953125 1120.27783203125 1159.1082763671875 1171.3929443359375 1153.22802734375 1205.8065185546875 1245.2320556640625 1272.483154296875 1375.789794921875 1322.874267578125 1286.1986083984375 1210.0911865234375 1168.7669677734375 1106.0098876953125 1033.77880859375 876.36212158203125 710.9366455078125 609.30755615234375 503.6676025390625 421.620941162109375 563.37115478515625
1159.1434326171875 1215.2818603515625 1314.4185791015625 1178.2763671875 1216.5543212890625 1217.4320068359375 1313.7349853515625 1356.2835693359375 1238.2108154296875 1150.1922607421875 1126.7293701171875 1047.91845703125 971.115234375 982.94873046875 967.3902587890625 955.61639404296875 935.2091064453125 988.95745849609375 1111.495361328125 1070.2904052734375 1108.234130859375 1125.2230224609375 1254.2930908203125 1240.6199951171875 1288.5098876953125 1411.570556640625 1363.9332275390625 1352.5985107421875 1419.3968505859375 1477.7022705078125 1405.9986572265625 1267.9638671875 1336.6097412109375 1266.1080322265625 1159.196044921875 1153.6116943359375 1182.47265625 997.43194580078125 969.63873291015625 750.89788818359375 596.72210693359375 472.913726806640625 526.76544189453125 695.02935791015625
1096.1402587890625 1103.6689453125 1196.3677978515625 1077.9031982421875 1055.986572265625 1159.0728759765625 1119.0478515625 1202.3192138671875 1259.85205078125 1249.6973876953125 1194.9971923828125 1146.2686767578125 1086.640380859375 1138.872314453125 1136.23876953125 1171.896240234375 1154.131591796875 1140.5474853515625 1102.8533935546875 1169.5076904296875 1215.384765625 1171.308349609375 1217.3541259765625 1298.6683349609375 1478.6378173828125 1426.025390625 1361.934326171875 1265.577880859375 1327.2987060546875 1252.2376708984375 1158.76953125 1157.501953125 1059.2716064453125 1096.0303955078125 1089.941650390625 985.15057373046875 922.64886474609375 853.218017578125 740.3817138671875 668.65228271484375 562.94305419921875 472.913726806640625 552.7825927734375 707.58160400390625
957.11273193359375 945.889892578125 935.88800048828125 923.13818359375 917.8365478515625 973.0205078125 1113.8203125 1173.3035888671875 1177.2969970703125 1147.8975830078125 1230.2305908203125 1290.2130126953125 1337.4869384765625 1330.135009765625 1367.6416015625 1331.210693359375 1288.1982421875 1322.8946533203125 1283.1187744140625 1218.81689453125 1160.4940185546875 1272.781982421875 1202.49072265625 1224.341552734375 1179.347412109375 1177.583251953125 1137.85693359375 1038.1165771484375 1001.38262939453125 934.07305908203125 913.12939453125 902.5604248046875 892.43768310546875 877.99676513671875 835.83953857421875 775.49810791015625 713.4337158203125 639.7177734375 561.78302001953125 517.34075927734375 480.9517822265625 555.49102783203125 662.25384521484375 794.9454345703125
936.79205322265625 893.1551513671875 861.97491455078125 845.0714111328125 825.36138916015625 822.99127197265625 960.1451416015625 1101.8209228515625 1021.123046875 1174.4334716796875 1165.925048828125 1108.4744873046875 1118.12109375 1192.4964599609375 1241.156494140625 1335.2054443359375 1226.5845947265625 1177.7177734375 1167.2447509765625 1128.29150390625 1128.29150390625 1113.7978515625 1083.1910400390625 1083.139404296875 1038.885009765625 985.02484130859375 935.7481689453125 872.02667236328125 844.00897216796875 844.00897216796875 758.70849609375 730.2908935546875 713.1297607421875 705.770263671875 684.06927490234375 618.7928466796875 572.83367919921875 529.45513916015625 517.34075927734375 533.18524169921875 585.9327392578125 683.73907470703125 809.5411376953125 916.57415771484375
